U189 0 0.064933 0.114466
U190 1 0.043122 0.057611
U191 0 0.037471 0.049842
U192 1 0.057497 0.089079
U193 1 0.035724 0.056397
U194 1 0.052561 0.048766
U195 0 0.044739 0.102015
U196 0 0.056743 0.105623
U197 1 0.040932 0.054788
U198 0 0.036857 0.042905
U199 0 0.048037 0.111272
U200 1 0.054104 0.052919
U201 0 0.034964 0.047764
U202 1 0.025526 0.027850
U203 1 0.024308 0.025355
U204 1 0.043993 0.041914
U205 0 0.049658 0.069527
U206 1 0.062406 0.092722
U207 0 0.041697 0.100502
U208 0 0.029399 0.065945
U209 0 0.030479 0.036405
U210 1 0.028629 0.034206
U211 1 0.071931 0.074912
U212 0 0.050756 0.110377
U213 1 0.069117 0.112086
U214 1 0.025526 0.027850
U215 0 0.078182 0.138449
U216 0 0.047662 0.104038
U217 1 0.069387 0.112758
U218 0 0.079421 0.139537
U219 1 0.024308 0.025355
U220 0 0.037934 0.045660
U221 1 0.063771 0.063487
U222 0 0.061635 0.120509
U223 1 0.067636 0.069505
U224 0 0.051076 0.111032
U225 1 0.069387 0.112758
U226 0 0.079421 0.139537
U227 1 0.024308 0.025355
U228 0 0.050660 0.110181
U229 1 0.072015 0.119294
U230 0 0.084767 0.150115
U231 0 0.078182 0.138449
U232 1 0.036412 0.061944
U233 0 0.051360 0.073355
U234 1 0.055919 0.078378
U235 0 0.035537 0.084703
U236 1 0.044519 0.070660
U237 0 0.082578 0.142309
U238 1 0.088733 0.086880
U239 1 0.059847 0.082877
U240 0 0.042118 0.050579
U241 1 0.069655 0.112390
U242 1 0.025526 0.027850
U243 0 0.078182 0.138449
U244 1 0.136492 0.218766
U245 0 0.035635 0.082490
U246 0 0.044592 0.060047
U247 1 0.040388 0.054087
U248 0 0.058213 0.077174
U249 0 0.020398 0.041182
U250 1 0.069768 0.069009
U251 1 0.038374 0.051581
U252 0 0.037049 0.043162
U253 0 0.020398 0.041182
U254 1 0.089141 0.087283
U255 1 0.048166 0.063284
U256 0 0.038126 0.050832
U257 1 0.032181 0.049122
U258 1 0.050671 0.046023
U259 0 0.041128 0.092377
U260 1 0.050902 0.046358
U261 0 0.041603 0.093553
U262 1 0.037320 0.048520
U263 0 0.018686 0.020891
U264 0 0.083534 0.149036
U265 0 0.038079 0.085210
U266 1 0.037320 0.048520
U267 0 0.018686 0.020891
U268 0 0.083534 0.149036
U269 1 0.045342 0.038288
U270 0 0.047766 0.065199
U271 1 0.047836 0.065435
U272 0 0.041697 0.100502
U273 0 0.029399 0.065945
U274 1 0.021308 0.038755
U275 0 0.035543 0.053792
U276 1 0.028629 0.034206
U277 1 0.039460 0.053090
U278 0 0.020969 0.044798
U279 0 0.029399 0.065945
U280 1 0.088733 0.086880
U281 0 0.035620 0.042872
U282 0 0.044160 0.059444
U283 1 0.040388 0.054087
U284 0 0.037049 0.043162
U285 0 0.020398 0.041182
U286 1 0.089141 0.087283
U287 1 0.038374 0.051581
U288 0 0.037049 0.043162
U289 0 0.020398 0.041182
U290 1 0.089141 0.087283
U291 0 0.130216 0.219349
U292 1 0.152391 0.238549
U293 0 0.034928 0.080419
U294 1 0.036891 0.059524
U295 0 0.041258 0.092534
U296 1 0.068024 0.073277
U297 0 0.041200 0.082514
U298 1 0.025526 0.027850
U299 0 0.066819 0.144474
U300 1 0.091459 0.140929
U301 0 0.085364 0.151296
U302 0 0.043134 0.058113
U303 1 0.033812 0.054006
U304 0 0.020398 0.041182
U305 1 0.059613 0.103254
U306 0 0.088507 0.154043
U307 1 0.054201 0.051146
U308 0 0.050756 0.110377
U309 1 0.042392 0.075899
U310 1 0.025526 0.027850
U311 0 0.050515 0.109883
U312 1 0.042392 0.075899
U313 0 0.085364 0.151296
U314 1 0.044051 0.036580
U315 0 0.046585 0.062595
U316 1 0.034615 0.059731
U317 0 0.022423 0.054011
U318 1 0.042093 0.075551
U319 1 0.025526 0.027850
U320 1 0.024308 0.025355
U321 0 0.039983 0.098991
U322 1 0.084653 0.096176
U323 0 0.065538 0.093557
U324 0 0.043836 0.059024
U325 1 0.047944 0.068087
U326 0 0.022611 0.033303
U327 0 0.040803 0.053871
U328 1 0.035189 0.060438
U329 0 0.085364 0.151296
U330 1 0.033929 0.053159
U331 0 0.050835 0.110538
U332 1 0.042392 0.075899
U333 0 0.085364 0.151296
U334 1 0.151272 0.240758
U335 0 0.036695 0.085641
U336 0 0.034964 0.047764
U337 1 0.025526 0.027850
U338 0 0.018686 0.020891
U339 1 0.024308 0.025355
U340 1 0.015422 0.025009
U341 1 0.052223 0.069037
U342 1 0.033279 0.042245
U343 0 0.018686 0.020891
U344 0 0.028753 0.064016
U345 0 0.022372 0.053694
U346 1 0.021308 0.038755
U347 1 0.037116 0.035551
U348 0 0.020216 0.024619
U349 1 0.040927 0.033943
U350 0 0.034964 0.047764
U351 1 0.025526 0.027850
U352 0 0.018686 0.020891
U353 1 0.024308 0.025355
U354 0 0.022538 0.032985
U355 0 0.034650 0.047157
U356 1 0.025526 0.027850
U357 0 0.018686 0.020891
U358 1 0.024308 0.025355
U359 1 0.015422 0.025009

U189 1 0.072312 0.119390
U190 1 0.043122 0.057611
U191 0 0.037471 0.049842
U192 1 0.057497 0.089079
U193 1 0.035724 0.056397
U194 1 0.052561 0.048766
U195 0 0.044739 0.102015
U196 1 0.068366 0.111864
U197 1 0.040932 0.054788
U198 0 0.036857 0.042905
U199 1 0.080198 0.090368
U200 0 0.058604 0.142676
U201 0 0.034964 0.047764
U202 1 0.025526 0.027850
U203 1 0.024308 0.025355
U204 0 0.039121 0.087840
U205 0 0.049658 0.069527
U206 1 0.062406 0.092722
U207 1 0.043784 0.038102
U208 0 0.029399 0.065945
U209 0 0.030479 0.036405
U210 1 0.028629 0.034206
U211 1 0.071931 0.074912
U212 0 0.050756 0.110377
U213 0 0.059484 0.091725
U214 1 0.025526 0.027850
U215 1 0.069539 0.123020
U216 0 0.047662 0.104038
U217 0 0.059695 0.092198
U218 1 0.071147 0.123922
U219 1 0.024308 0.025355
U220 1 0.041070 0.065492
U221 0 0.052218 0.121720
U222 1 0.078955 0.128416
U223 1 0.067636 0.069505
U224 0 0.051076 0.111032
U225 0 0.059695 0.092198
U226 1 0.071147 0.123922
U227 1 0.024308 0.025355
U228 0 0.050660 0.110181
U229 1 0.071957 0.119148
U230 0 0.084648 0.149878
U231 1 0.069539 0.123020
U232 0 0.042525 0.053852
U233 1 0.052921 0.069563
U234 1 0.055919 0.078378
U235 0 0.038355 0.093760
U236 0 0.050717 0.061696
U237 1 0.075246 0.126219
U238 1 0.088690 0.086834
U239 0 0.045181 0.063544
U240 1 0.032007 0.048463
U241 0 0.059765 0.092433
U242 1 0.025526 0.027850
U243 1 0.069539 0.123020
U244 0 0.060374 0.160801
U245 1 0.046634 0.041103
U246 0 0.044592 0.060047
U247 1 0.040388 0.054087
U248 1 0.037659 0.064693
U249 0 0.020398 0.041182
U250 0 0.040062 0.089740
U251 1 0.038374 0.051581
U252 0 0.037049 0.043162
U253 0 0.020398 0.041182
U254 1 0.089097 0.087238
U255 0 0.047600 0.065196
U256 1 0.048364 0.066727
U257 0 0.052117 0.068027
U258 0 0.035795 0.085532
U259 1 0.073122 0.072139
U260 1 0.050902 0.046358
U261 0 0.041603 0.093553
U262 1 0.037320 0.048520
U263 0 0.018686 0.020891
U264 0 0.083414 0.148799
U265 0 0.038079 0.085210
U266 1 0.037320 0.048520
U267 0 0.018686 0.020891
U268 0 0.083414 0.148799
U269 1 0.045342 0.038288
U270 0 0.047766 0.065199
U271 1 0.047836 0.065435
U272 1 0.054256 0.051360
U273 0 0.029399 0.065945
U274 1 0.021308 0.038755
U275 0 0.035543 0.053792
U276 1 0.028629 0.034206
U277 1 0.039460 0.053090
U278 0 0.020969 0.044798
U279 0 0.029399 0.065945
U280 1 0.088690 0.086834
U281 0 0.035620 0.042872
U282 0 0.044160 0.059444
U283 1 0.040388 0.054087
U284 0 0.037049 0.043162
U285 0 0.020398 0.041182
U286 1 0.089097 0.087238
U287 1 0.038374 0.051581
U288 0 0.037049 0.043162
U289 0 0.020398 0.041182
U290 1 0.089097 0.087238
U291 0 0.130100 0.219192
U292 1 0.152261 0.238106
U293 0 0.034791 0.080049
U294 1 0.036448 0.058881
U295 0 0.040188 0.089903
U296 0 0.072777 0.157507
U297 1 0.106501 0.166087
U298 0 0.083680 0.147964
U299 1 0.062619 0.068179
U300 0 0.038485 0.067547
U301 1 0.025526 0.027850
U302 0 0.043134 0.058113
U303 1 0.033812 0.054006
U304 0 0.041077 0.102507
U305 1 0.058960 0.102455
U306 0 0.086827 0.150718
U307 1 0.054201 0.051146
U308 0 0.050756 0.110377
U309 1 0.042392 0.075899
U310 1 0.025526 0.027850
U311 0 0.050515 0.109883
U312 1 0.042392 0.075899
U313 0 0.083680 0.147964
U314 1 0.044051 0.036580
U315 0 0.046585 0.062595
U316 1 0.034615 0.059731
U317 0 0.022423 0.054011
U318 1 0.042093 0.075551
U319 1 0.025526 0.027850
U320 1 0.024308 0.025355
U321 1 0.052425 0.048569
U322 0 0.042626 0.101322
U323 0 0.064635 0.091721
U324 0 0.043836 0.059024
U325 1 0.047944 0.068087
U326 0 0.022611 0.033303
U327 0 0.040803 0.053871
U328 1 0.035189 0.060438
U329 1 0.025526 0.027850
U330 1 0.033929 0.053159
U331 0 0.050835 0.110538
U332 1 0.042392 0.075899
U333 1 0.025526 0.027850
U334 1 0.149370 0.234526
U335 0 0.034909 0.080366
U336 0 0.034964 0.047764
U337 1 0.025526 0.027850
U338 1 0.015422 0.025009
U339 1 0.024308 0.025355
U340 1 0.015422 0.025009
U341 1 0.044671 0.059433
U342 0 0.031054 0.040808
U343 1 0.015422 0.025009
U344 1 0.042572 0.035332
U345 0 0.022372 0.053694
U346 1 0.021308 0.038755
U347 0 0.022219 0.052719
U348 0 0.020216 0.024619
U349 1 0.040927 0.033943
U350 0 0.034964 0.047764
U351 1 0.025526 0.027850
U352 0 0.018686 0.020891
U353 1 0.024308 0.025355
U354 1 0.019716 0.036815
U355 0 0.034650 0.047157
U356 1 0.025526 0.027850
U357 1 0.015422 0.025009
U358 1 0.024308 0.025355
U359 1 0.015422 0.025009

U189 0 0.060106 0.109254
U190 1 0.043122 0.057611
U191 0 0.037471 0.049842
U192 1 0.057497 0.089079
U193 1 0.035724 0.056397
U194 1 0.052561 0.048766
U195 0 0.044739 0.102015
U196 0 0.056171 0.105004
U197 1 0.040932 0.054788
U198 0 0.036857 0.042905
U199 0 0.048037 0.111272
U200 1 0.054104 0.052919
U201 0 0.034964 0.047764
U202 1 0.025526 0.027850
U203 1 0.024308 0.025355
U204 1 0.043978 0.041900
U205 0 0.049658 0.069527
U206 1 0.062406 0.092722
U207 0 0.041569 0.100124
U208 0 0.029399 0.065945
U209 0 0.030479 0.036405
U210 1 0.028629 0.034206
U211 1 0.071931 0.074912
U212 0 0.050756 0.110377
U213 1 0.069117 0.112086
U214 1 0.025526 0.027850
U215 0 0.078182 0.138449
U216 0 0.047662 0.104038
U217 1 0.069387 0.112758
U218 0 0.079421 0.139537
U219 1 0.024308 0.025355
U220 0 0.037888 0.045609
U221 1 0.063544 0.063275
U222 0 0.061003 0.119623
U223 1 0.067636 0.069505
U224 0 0.051076 0.111032
U225 1 0.069387 0.112758
U226 0 0.079421 0.139537
U227 1 0.024308 0.025355
U228 0 0.050660 0.110181
U229 1 0.071957 0.119148
U230 0 0.084648 0.149878
U231 1 0.024308 0.025355
U232 1 0.035325 0.060480
U233 0 0.048917 0.067723
U234 1 0.055919 0.078378
U235 0 0.038355 0.093760
U236 1 0.044519 0.070660
U237 0 0.082578 0.142309
U238 1 0.088690 0.086834
U239 1 0.052782 0.070540
U240 0 0.042118 0.050579
U241 1 0.069655 0.112390
U242 1 0.025526 0.027850
U243 0 0.078182 0.138449
U244 1 0.136492 0.218766
U245 0 0.035635 0.082490
U246 0 0.044592 0.060047
U247 1 0.040388 0.054087
U248 1 0.037659 0.064693
U249 0 0.020398 0.041182
U250 0 0.040062 0.089740
U251 1 0.038374 0.051581
U252 0 0.037049 0.043162
U253 0 0.020398 0.041182
U254 1 0.089097 0.087238
U255 1 0.048166 0.063284
U256 0 0.038126 0.050832
U257 1 0.032181 0.049122
U258 1 0.050671 0.046023
U259 0 0.041128 0.092377
U260 1 0.050902 0.046358
U261 0 0.041603 0.093553
U262 1 0.072108 0.118717
U263 1 0.015422 0.025009
U264 0 0.083414 0.148799
U265 0 0.038079 0.085210
U266 1 0.037320 0.048520
U267 0 0.018686 0.020891
U268 0 0.083414 0.148799
U269 1 0.045342 0.038288
U270 0 0.047766 0.065199
U271 1 0.047836 0.065435
U272 0 0.041569 0.100124
U273 0 0.029399 0.065945
U274 1 0.021308 0.038755
U275 0 0.035543 0.053792
U276 1 0.028629 0.034206
U277 1 0.039460 0.053090
U278 0 0.020969 0.044798
U279 0 0.029399 0.065945
U280 1 0.088690 0.086834
U281 0 0.035620 0.042872
U282 0 0.044160 0.059444
U283 1 0.040388 0.054087
U284 0 0.037049 0.043162
U285 0 0.020398 0.041182
U286 1 0.089097 0.087238
U287 1 0.038374 0.051581
U288 0 0.037049 0.043162
U289 0 0.020398 0.041182
U290 1 0.089097 0.087238
U291 0 0.130100 0.219192
U292 1 0.152261 0.238106
U293 0 0.034791 0.080049
U294 1 0.036448 0.058881
U295 0 0.040188 0.089903
U296 1 0.068024 0.073277
U297 0 0.041200 0.082514
U298 1 0.025526 0.027850
U299 1 0.062619 0.068179
U300 0 0.038485 0.067547
U301 1 0.025526 0.027850
U302 0 0.043134 0.058113
U303 1 0.033812 0.054006
U304 0 0.020398 0.041182
U305 1 0.058960 0.102455
U306 0 0.086827 0.150718
U307 1 0.054201 0.051146
U308 0 0.050756 0.110377
U309 1 0.042392 0.075899
U310 1 0.025526 0.027850
U311 0 0.050515 0.109883
U312 1 0.042392 0.075899
U313 0 0.083680 0.147964
U314 1 0.044051 0.036580
U315 0 0.046585 0.062595
U316 1 0.034615 0.059731
U317 0 0.022423 0.054011
U318 1 0.042093 0.075551
U319 1 0.025526 0.027850
U320 1 0.024308 0.025355
U321 0 0.039862 0.098604
U322 1 0.083949 0.095485
U323 0 0.064635 0.091721
U324 0 0.043836 0.059024
U325 1 0.047944 0.068087
U326 0 0.022611 0.033303
U327 0 0.040803 0.053871
U328 1 0.035189 0.060438
U329 0 0.083680 0.147964
U330 1 0.033929 0.053159
U331 0 0.050835 0.110538
U332 1 0.042392 0.075899
U333 0 0.083680 0.147964
U334 1 0.149370 0.234526
U335 0 0.034909 0.080366
U336 0 0.034964 0.047764
U337 1 0.025526 0.027850
U338 0 0.018686 0.020891
U339 1 0.024308 0.025355
U340 1 0.015422 0.025009
U341 1 0.044671 0.059433
U342 0 0.031054 0.040808
U343 1 0.015422 0.025009
U344 0 0.028753 0.064016
U345 0 0.022372 0.053694
U346 1 0.021308 0.038755
U347 1 0.037116 0.035551
U348 0 0.020216 0.024619
U349 1 0.040927 0.033943
U350 0 0.034964 0.047764
U351 1 0.025526 0.027850
U352 0 0.018686 0.020891
U353 1 0.024308 0.025355
U354 0 0.022538 0.032985
U355 0 0.034650 0.047157
U356 1 0.025526 0.027850
U357 0 0.018686 0.020891
U358 1 0.024308 0.025355
U359 1 0.015422 0.025009

